0,6
0,49
246,5
246,4
246,3
246,2
246,1
245,5
245,4
245,3
245,2
245,1
244,5
244,4
244,3
244,2
244,1
243,6
243,5
243,4
243,3
243,2
243,1
242,5
242,4
242,3
242,2
242,1
241,4
241,3
241,2
241,1
240,3
240,2
240,1
239,3
239,2
239,1
238,3
238,2
238,1
237,4
237,3
237,2
237,1
236,5
236,4
236,3
236,2
236,1
235,4
235,3
235,2
235,1
234,3
234,2
234,1
233,5
233,4
233,3
233,2
233,1
232,3
232,2
232,1
5,3
4,3
3,44
3,43
3,42
3,41
3,40
3,39
3,38
3,37
3,36
3,35
3,34
3,33
3,32
3,31
3,30
3,29
3,28
3,27
3,26
3,25
3,24
3,23
3,22
3,21
3,20
3,19
3,18
3,17
3,16
3,15
3,14
3,13
3,12
3,11
3,10
3,9
3,8
3,7
3,6
3,5
3,4
3,3
3,2
3,0
7,3
2,44
2,43
2,42
2,41
2,40
2,39
2,38
2,37
2,36
2,35
2,34
2,33
2,32
2,31
2,30
2,29
2,28
2,27
2,26
2,25
2,24
2,23
2,22
2,21
2,20
2,19
2,18
2,17
2,16
2,15
2,14
2,13
2,12
2,11
2,10
2,9
2,8
2,7
2,6
2,5
2,4
2,3
2,2
2,0
1,45
1,44
1,43
1,42
1,41
1,40
1,39
1,38
1,37
1,36
1,35
1,34
1,33
1,32
1,31
1,30
1,29
1,28
1,27
1,26
1,25
1,24
1,23
1,22
1,21
1,20
1,19
1,18
1,17
1,16
1,15
1,14
1,13
1,12
1,11
1,10
1,9
1,8
1,7
1,6
1,5
1,4
1,3
1,2
1,0
0,48
0,47
0,46
0,45
0,12
0,11
0,10
0,9
0,8
0,5
0,7
0,4
0,3
246,0
245,0
244,0
243,0
242,0
241,0
240,0
239,0
238,0
237,0
236,0
235,0
234,0
233,0
232,0
